%YAML:1.0
---camera_matrix:
  rows: 3
  cols: 3
  dt: d
  data:
  - - - 616.5299643234498
      - 0.0
      - 349.19025283346315
    - - 0.0
      - 607.8280131983712
      - 242.16897060648043
    - - 0.0
      - 0.0
      - 1.0
dist_coeff:
  rows: 3
  cols: 3
  dt: d
  data:
  - - - -0.5700664090180133
      - 6.47653658931818
      - 0.010342277580532295
      - 0.015327006665322114
      - -29.546936896025798
