%YAML:1.0
---
camera_matrix:
  rows: 3
  cols: 3
  dt: d
  data: '[[686.9420780646061, 0.0, 303.6525977852265], [0.0, 676.6112415511452, 224.22948286738966],
    [0.0, 0.0, 1.0]]'
dist_coeff:
  rows: 1
  cols: 5
  dt: d
  data: '[[-0.30191850185625496, 0.993930882397159, -0.004815218850068201, 0.007284570054637391,
    -1.8366911816116835]]'
