%YAML:1.0
---
camera_matrix:
  rows: 3
  cols: 3
  dt: d
  data: '[[1010.6464847635929, 0.0, 650.1070807030462], [0.0, 1065.1923544260842,
    319.84225489782665], [0.0, 0.0, 1.0]]'
dist_coeff:
  rows: 1
  cols: 5
  dt: d
  data: '[[-0.27601942510484656, 1.25151772383332, 0.006824298260863344, -0.00572877763550005,
    -2.072173028010036]]'
