%YAML:1.0
---
camera_matrix:
  rows: 3
  cols: 3
  dt: d
  data: '[[10198.480601418883, 0.0, 369.25738135895375], [0.0, 10060.604811962707,
    216.61398914958076], [0.0, 0.0, 1.0]]'
dist_coeff:
  rows: 1
  cols: 5
  dt: d
  data: '[[-11.139588816827654, -2268.967588223168, 0.15220387875892585, -0.08448187488353442,
    -8.847536721049389]]'
