%YAML:1.0
---
camera_matrix:
  rows: 3
  cols: 3
  dt: d
  data: '[[503.0802446421033, 0.0, 327.3037741566943], [0.0, 509.4552731558556, 236.09569222537849],
    [0.0, 0.0, 1.0]]'
dist_coeff:
  rows: 1
  cols: 5
  dt: d
  data: '[[-0.2589936997213349, 0.6094783365634139, 0.0028717423082651817, -0.0013734296059032933,
    -0.6665741002985411]]'
